100 commanded id: 419368960 len: 8 buf: 0 0 1 232 3 0 0 0
 99 commanded id: 419368960 len: 8 buf: 0 0 1 222 3 0 0 0
 98 commanded id: 419368960 len: 8 buf: 0 0 1 212 3 0 0 0
 97 commanded id: 419368960 len: 8 buf: 0 0 1 202 3 0 0 0
 96 commanded id: 419368960 len: 8 buf: 0 0 1 192 3 0 0 0
 95 commanded id: 419368960 len: 8 buf: 0 0 1 182 3 0 0 0
 94 commanded id: 419368960 len: 8 buf: 0 0 1 172 3 0 0 0
 93 commanded id: 419368960 len: 8 buf: 0 0 1 162 3 0 0 0
 92 commanded id: 419368960 len: 8 buf: 0 0 1 152 3 0 0 0
 91 commanded id: 419368960 len: 8 buf: 0 0 1 142 3 0 0 0
 90 commanded id: 419368960 len: 8 buf: 0 0 1 132 3 0 0 0
 89 commanded id: 419368960 len: 8 buf: 0 0 1 122 3 0 0 0
 88 commanded id: 419368960 len: 8 buf: 0 0 1 112 3 0 0 0
 87 commanded id: 419368960 len: 8 buf: 0 0 1 102 3 0 0 0
 86 commanded id: 419368960 len: 8 buf: 0 0 1 92 3 0 0 0
 85 commanded id: 419368960 len: 8 buf: 0 0 1 82 3 0 0 0
 84 commanded id: 419368960 len: 8 buf: 0 0 1 72 3 0 0 0
 83 commanded id: 419368960 len: 8 buf: 0 0 1 62 3 0 0 0
 82 commanded id: 419368960 len: 8 buf: 0 0 1 52 3 0 0 0
 81 commanded id: 419368960 len: 8 buf: 0 0 1 42 3 0 0 0
 80 commanded id: 419368960 len: 8 buf: 0 0 1 32 3 0 0 0
 79 commanded id: 419368960 len: 8 buf: 0 0 1 22 3 0 0 0
 78 commanded id: 419368960 len: 8 buf: 0 0 1 12 3 0 0 0
 77 commanded id: 419368960 len: 8 buf: 0 0 1 2 3 0 0 0
 76 commanded id: 419368960 len: 8 buf: 0 0 1 248 2 0 0 0
 75 commanded id: 419368960 len: 8 buf: 0 0 1 238 2 0 0 0
  1 commanded id: 419368960 len: 8 buf: 0 0 1 10 0 0 0 0
  0 commanded id: 419368960 len: 8 buf: 0 0 1 0 0 0 0 0

419368960 10ms 
  byte 3 lowByte
  byte 4 highByte
  scale 10x
  values 0 to 1000 equal 0cm to 10cm in .1cm increments, amazing

 id: 419351040 len: 8 buf: 0 255 0 0 0 0 255 255

 419351040 1000ms
  Seems to be a DTC error code because it's not detecting the actuator?


Heavy Duty 2

445 sends commanded, bytes
0: always zero
1: always zero
2: always 1
3: highByte
4: lowByte
5: always zero
6: always zero
7: always zero

447 seems to be response from actuator?
0: [75, 76, 77, 78, 79]
1:
2:
3:
4:
5:
6:
7:

Commanded 25 startup 
Loop Count/Sec: 808958
ID: 418316032 Data: 185 138 86 20 24 125 0 128
ID: 419293184 Data: 0 0 0 0 0 0 0 0
ID: 419293184 Data: 0 0 0 0 0 0 0 0
ID: 419293184 Data: 0 0 0 0 0 0 0 0
ID: 419293184 Data: 0 0 0 0 0 0 0 0
ID: 419293184 Data: 0 0 0 0 0 0 0 0
ID: 419293184 Data: 0 0 0 0 0 0 0 0
ID: 419293184 Data: 0 0 0 0 0 0 0 0
ID: 419293184 Data: 0 0 0 0 0 0 0 0
ID: 419293184 Data: 0 0 0 0 0 0 0 0
ID: 419293184 Data: 0 0 0 0 0 0 0 0
ID: 419293184 Data: 0 0 0 0 0 0 0 0
ID: 419293184 Data: 0 0 0 0 0 0 0 0
ID: 419293184 Data: 0 0 0 0 0 0 0 0
ID: 419293184 Data: 0 0 0 0 0 0 0 0
ID: 419293184 Data: 0 0 0 0 0 0 0 0
ID: 419293184 Data: 0 0 0 0 0 0 0 0
ID: 419293184 Data: 0 0 0 0 0 0 0 0
ID: 419293184 Data: 0 0 0 0 0 0 0 0
ID: 419293184 Data: 0 0 0 0 0 0 0 0
ID: 419293184 Data: 0 0 0 0 0 0 0 0
ID: 419293184 Data: 0 0 0 0 0 0 0 0
ID: 419293184 Data: 0 0 0 0 0 0 0 0
ID: 419293184 Data: 0 0 0 0 0 0 0 0
ID: 419293184 Data: 0 0 0 0 0 0 0 0
ID: 419293184 Data: 0 0 0 0 0 0 0 0
ID: 419293184 Data: 0 0 0 0 0 0 0 0
ID: 419293184 Data: 0 0 0 0 0 0 0 0
Loop Count/Sec: 808654
ID: 419293184 Data: 0 0 0 0 0 0 0 0
ID: 419293184 Data: 0 0 0 0 0 0 0 0
ID: 419293184 Data: 0 0 0 0 0 0 0 0
ID: 419293184 Data: 0 0 0 0 0 0 0 0
ID: 419293184 Data: 0 0 0 0 0 0 0 0
ID: 419293184 Data: 0 0 0 0 0 0 0 0
ID: 419293184 Data: 0 0 0 0 0 0 0 0
ID: 419293184 Data: 0 0 0 0 0 0 0 0
ID: 419293184 Data: 0 0 0 0 0 0 0 0
ID: 419293184 Data: 0 0 0 0 0 0 0 0
ID: 419293184 Data: 0 0 0 0 0 0 0 0
ID: 419293184 Data: 0 0 0 0 0 0 0 0
ID: 419293184 Data: 0 0 0 0 0 0 0 0
ID: 419293184 Data: 0 0 0 0 0 0 0 0
ID: 419293184 Data: 0 0 0 0 0 0 0 0
ID: 419293184 Data: 0 0 0 0 0 0 0 0
ID: 419293184 Data: 0 0 0 0 0 0 0 0
ID: 419293184 Data: 0 0 0 0 0 0 0 0
ID: 419293184 Data: 0 0 0 0 0 0 0 0
ID: 419293184 Data: 0 0 0 0 0 0 0 0
ID: 419293184 Data: 0 0 0 0 0 0 0 0
ID: 419293184 Data: 0 0 0 0 0 0 0 0
ID: 419293184 Data: 0 0 0 0 0 0 0 0
ID: 419293184 Data: 0 0 0 0 0 0 0 0
ID: 419293184 Data: 0 0 0 0 0 0 0 0
ID: 419293184 Data: 0 0 0 0 0 0 0 0
ID: 419293184 Data: 0 0 0 0 0 0 0 0
ID: 419293184 Data: 0 0 0 0 0 0 0 0
ID: 419293184 Data: 0 0 0 0 0 0 0 0
ID: 419293184 Data: 0 0 0 0 0 0 0 0
ID: 419293184 Data: 0 0 0 0 0 0 0 0
ID: 419293184 Data: 0 0 0 0 0 0 0 0
ID: 419293184 Data: 0 0 0 0 0 0 0 0
ID: 419293184 Data: 0 0 0 0 0 0 0 0
ID: 419293184 Data: 0 0 0 0 0 0 0 0
ID: 419293184 Data: 0 0 0 0 0 0 0 0
ID: 419293184 Data: 0 0 0 0 0 0 0 0
ID: 419293184 Data: 0 0 0 0 0 0 0 0
ID: 419293184 Data: 0 0 0 0 0 0 0 0
ID: 419293184 Data: 0 0 0 0 0 0 0 0
ID: 419293184 Data: 0 0 0 0 0 0 0 0
ID: 419293184 Data: 0 0 0 0 0 0 0 0
ID: 419293184 Data: 0 0 0 0 0 0 0 0
ID: 419293184 Data: 0 0 0 0 0 0 0 0
ID: 419293184 Data: 0 0 0 0 0 0 0 0
ID: 419293184 Data: 0 0 0 0 0 0 0 0
ID: 419293184 Data: 0 0 0 0 0 0 0 0
ID: 419293184 Data: 0 0 0 0 0 0 0 0
ID: 419293184 Data: 0 0 0 0 0 0 0 0
ID: 419293184 Data: 0 0 0 0 0 0 0 0
ID: 419293184 Data: 0 0 0 0 0 0 0 0
ID: 419293184 Data: 0 0 0 0 0 0 0 0
ID: 419293184 Data: 0 0 0 0 0 0 0 0
ID: 419293184 Data: 0 0 0 0 0 0 0 0
ID: 419293184 Data: 0 0 0 0 0 0 0 0
ID: 419293184 Data: 0 0 0 0 0 0 0 0
ID: 419293184 Data: 0 0 0 0 0 0 0 0
ID: 419293184 Data: 0 0 0 0 0 0 0 0
ID: 419293184 Data: 0 0 0 0 0 0 0 0
ID: 419293184 Data: 0 0 0 0 0 0 0 0
ID: 419351040 Data: 0 255 0 0 0 0 255 255
ID: 419293184 Data: 0 0 0 0 0 0 0 0
ID: 419293184 Data: 0 0 0 0 0 0 0 0
ID: 419293184 Data: 0 0 0 0 0 0 0 0
ID: 419293184 Data: 0 0 0 0 0 0 0 0
ID: 419293184 Data: 0 0 0 0 0 0 0 0
ID: 419293184 Data: 0 0 0 0 0 0 0 0
ID: 419293184 Data: 0 0 0 0 0 0 0 0
ID: 419293184 Data: 0 0 0 0 0 0 0 0
ID: 419293184 Data: 0 0 0 0 0 0 0 0
ID: 419293184 Data: 0 0 0 0 0 0 0 0
ID: 419293184 Data: 0 0 0 0 0 0 0 0
ID: 419293184 Data: 0 0 0 0 0 0 0 0
ID: 419293184 Data: 0 0 0 0 0 0 0 0
ID: 419293184 Data: 0 0 0 0 0 0 0 0
ID: 419293184 Data: 0 0 0 0 0 0 0 0
ID: 419293184 Data: 0 0 0 0 0 0 0 0
ID: 419293184 Data: 0 0 0 0 0 0 0 0
ID: 419293184 Data: 0 0 0 0 0 0 0 0
ID: 419293184 Data: 0 0 0 0 0 0 0 0
ID: 419293184 Data: 0 0 0 0 0 0 0 0
ID: 419293184 Data: 0 0 0 0 0 0 0 0
ID: 419293184 Data: 0 0 0 0 0 0 0 0
ID: 419293184 Data: 0 0 0 0 0 0 0 0
ID: 419293184 Data: 0 0 0 0 0 0 0 0
ID: 419293184 Data: 0 0 0 0 0 0 0 0
ID: 419293184 Data: 0 0 0 0 0 0 0 0
ID: 419293184 Data: 0 0 0 0 0 0 0 0
ID: 419293184 Data: 0 0 0 0 0 0 0 0
ID: 419293184 Data: 0 0 0 0 0 0 0 0
ID: 419293184 Data: 0 0 0 0 0 0 0 0
ID: 419293184 Data: 0 0 0 0 0 0 0 0
ID: 419293184 Data: 0 0 0 0 0 0 0 0
ID: 419293184 Data: 0 0 0 0 0 0 0 0
ID: 419293184 Data: 0 0 0 0 0 0 0 0
ID: 419293184 Data: 0 0 0 0 0 0 0 0
ID: 419293184 Data: 0 0 0 0 0 0 0 0
ID: 419293184 Data: 0 0 0 0 0 0 0 0
ID: 419293184 Data: 0 0 0 0 0 0 0 0
ID: 419293184 Data: 0 0 0 0 0 0 0 0
ID: 419293184 Data: 0 0 0 0 0 0 0 0
Loop Count/Sec: 807878
ID: 419293184 Data: 0 0 0 0 0 0 0 0
ID: 419293184 Data: 0 0 0 0 0 0 0 0
ID: 419293184 Data: 0 0 0 0 0 0 0 0
ID: 419293184 Data: 0 0 0 0 0 0 0 0
ID: 419293184 Data: 0 0 0 0 0 0 0 0
ID: 419293184 Data: 0 0 0 0 0 0 0 0
ID: 419293184 Data: 0 0 0 0 0 0 0 0
ID: 419293184 Data: 0 0 0 0 0 0 0 0
ID: 419293184 Data: 0 0 0 0 0 0 0 0
ID: 419293184 Data: 0 0 0 0 0 0 0 0
ID: 419293184 Data: 0 0 0 0 0 0 0 0
ID: 419293184 Data: 0 0 0 0 0 0 0 0
ID: 419293184 Data: 0 0 0 0 0 0 0 0
ID: 419293184 Data: 0 0 0 0 0 0 0 0
ID: 419293184 Data: 0 0 0 0 0 0 0 0
ID: 419293184 Data: 0 0 0 0 0 0 0 0
ID: 419293184 Data: 0 0 0 0 0 0 0 0
ID: 419293184 Data: 0 0 0 0 0 0 0 0
ID: 419293184 Data: 0 0 0 0 0 0 0 0
ID: 419293184 Data: 0 0 0 0 0 0 0 0
ID: 419293184 Data: 0 0 0 0 0 0 0 0
ID: 419293184 Data: 0 0 0 0 0 0 0 0
ID: 419293184 Data: 0 0 0 0 0 0 0 0
ID: 419293184 Data: 0 0 0 0 0 0 0 0
ID: 419293184 Data: 0 0 0 0 0 0 0 0
ID: 419293184 Data: 0 0 0 0 0 0 0 0
ID: 419293184 Data: 0 0 0 0 0 0 0 0
ID: 419293184 Data: 0 0 0 0 0 0 0 0
ID: 419293184 Data: 0 0 0 0 0 0 0 0
ID: 419293184 Data: 0 0 0 0 0 0 0 0
ID: 419293184 Data: 0 0 0 0 0 0 0 0
ID: 419293184 Data: 0 0 0 0 0 0 0 0
ID: 419293184 Data: 0 0 0 0 0 0 0 0
ID: 419293184 Data: 0 0 0 0 0 0 0 0
ID: 419293184 Data: 0 0 0 0 0 0 0 0
ID: 419293184 Data: 0 0 0 0 0 0 0 0
ID: 419293184 Data: 0 0 0 0 0 0 0 0
ID: 419293184 Data: 0 0 0 0 0 0 0 0
ID: 419293184 Data: 0 0 0 0 0 0 0 0
ID: 419293184 Data: 0 0 0 0 0 0 0 0
ID: 419293184 Data: 0 0 0 0 0 0 0 0
ID: 419293184 Data: 0 0 0 0 0 0 0 0
ID: 419293184 Data: 0 0 0 0 0 0 0 0
ID: 419293184 Data: 0 0 0 0 0 0 0 0
ID: 419293184 Data: 0 0 0 0 0 0 0 0
ID: 419293184 Data: 0 0 0 0 0 0 0 0
ID: 419293184 Data: 0 0 0 0 0 0 0 0
ID: 419293184 Data: 0 0 0 0 0 0 0 0
ID: 419293184 Data: 0 0 0 0 0 0 0 0
ID: 419293184 Data: 0 0 0 0 0 0 0 0
ID: 419293184 Data: 0 0 0 0 0 0 0 0
ID: 419293184 Data: 0 0 0 0 0 0 0 0
ID: 419293184 Data: 0 0 0 0 0 0 0 0
ID: 419293184 Data: 0 0 0 0 0 0 0 0
ID: 419293184 Data: 0 0 0 0 0 0 0 0
ID: 419293184 Data: 0 0 0 0 0 0 0 0
ID: 419293184 Data: 0 0 0 0 0 0 0 0
ID: 419293184 Data: 0 0 0 0 0 0 0 0
ID: 419293184 Data: 0 0 0 0 0 0 0 0
ID: 419293184 Data: 0 0 0 0 0 0 0 0
ID: 419351040 Data: 0 255 0 0 0 0 255 255
ID: 419293184 Data: 0 0 0 0 0 0 0 0
ID: 419293184 Data: 0 0 0 0 0 0 0 0
ID: 419293184 Data: 0 0 0 0 0 0 0 0
ID: 419293184 Data: 0 0 0 0 0 0 0 0
ID: 419293184 Data: 0 0 0 0 0 0 0 0
ID: 419293184 Data: 0 0 0 0 0 0 0 0
ID: 419293184 Data: 0 0 0 0 0 0 0 0
ID: 419293184 Data: 0 0 0 0 0 0 0 0
ID: 419293184 Data: 0 0 0 0 0 0 0 0
ID: 419293184 Data: 0 0 0 0 0 0 0 0
ID: 419293184 Data: 0 0 0 0 0 0 0 0
ID: 419293184 Data: 0 0 0 0 0 0 0 0
ID: 419293184 Data: 0 0 0 0 0 0 0 0
ID: 419293184 Data: 0 0 0 0 0 0 0 0
ID: 419293184 Data: 0 0 0 0 0 0 0 0
ID: 419293184 Data: 0 0 0 0 0 0 0 0
ID: 419293184 Data: 0 0 0 0 0 0 0 0
ID: 419293184 Data: 0 0 0 0 0 0 0 0
ID: 419293184 Data: 0 0 0 0 0 0 0 0
ID: 419293184 Data: 0 0 0 0 0 0 0 0
ID: 419293184 Data: 0 0 0 0 0 0 0 0
ID: 419293184 Data: 0 0 0 0 0 0 0 0
ID: 419293184 Data: 0 0 0 0 0 0 0 0
ID: 419293184 Data: 0 0 0 0 0 0 0 0
ID: 419293184 Data: 0 0 0 0 0 0 0 0
ID: 419293184 Data: 0 0 0 0 0 0 0 0
ID: 419293184 Data: 0 0 0 0 0 0 0 0
ID: 419293184 Data: 0 0 0 0 0 0 0 0
ID: 419293184 Data: 0 0 0 0 0 0 0 0
ID: 419293184 Data: 0 0 0 0 0 0 0 0
ID: 419293184 Data: 0 0 0 0 0 0 0 0
ID: 419293184 Data: 0 0 0 0 0 0 0 0
ID: 419293184 Data: 0 0 0 0 0 0 0 0
ID: 419293184 Data: 0 0 0 0 0 0 0 0
ID: 419293184 Data: 0 0 0 0 0 0 0 0
ID: 419293184 Data: 0 0 0 0 0 0 0 0
ID: 419293184 Data: 0 0 0 0 0 0 0 0
ID: 419293184 Data: 0 0 0 0 0 0 0 0
ID: 419293184 Data: 0 0 0 0 0 0 0 0
ID: 419293184 Data: 0 0 0 0 0 0 0 0
Loop Count/Sec: 807876
ID: 419293184 Data: 0 0 0 0 0 0 0 0
ID: 419293184 Data: 0 0 0 0 0 0 0 0
ID: 419293184 Data: 0 0 0 0 0 0 0 0
ID: 419293184 Data: 0 0 0 0 0 0 0 0
ID: 419293184 Data: 0 0 0 0 0 0 0 0
ID: 419293184 Data: 0 0 0 0 0 0 0 0
ID: 419293184 Data: 0 0 0 0 0 0 0 0
ID: 419293184 Data: 0 0 0 0 0 0 0 0
ID: 419293184 Data: 0 0 0 0 0 0 0 0
ID: 419293184 Data: 0 0 0 0 0 0 0 0
ID: 419293184 Data: 0 0 0 0 0 0 0 0
ID: 419293184 Data: 0 0 0 0 0 0 0 0
ID: 419293184 Data: 0 0 0 0 0 0 0 0
ID: 419293184 Data: 0 0 0 0 0 0 0 0
ID: 419293184 Data: 0 0 0 0 0 0 0 0
ID: 419293184 Data: 0 0 0 0 0 0 0 0
ID: 419293184 Data: 0 0 0 0 0 0 0 0
ID: 419293184 Data: 0 0 0 0 0 0 0 0
ID: 419293184 Data: 0 0 0 0 0 0 0 0
ID: 419293184 Data: 0 0 0 0 0 0 0 0
ID: 419293184 Data: 0 0 0 0 0 0 0 0
ID: 419293184 Data: 0 0 0 0 0 0 0 0
ID: 419293184 Data: 0 0 0 0 0 0 0 0
ID: 419293184 Data: 0 0 0 0 0 0 0 0
ID: 419293184 Data: 0 0 0 0 0 0 0 0
ID: 419293184 Data: 0 0 0 0 0 0 0 0
ID: 419293184 Data: 0 0 0 0 0 0 0 0
ID: 419293184 Data: 0 0 0 0 0 0 0 0
ID: 419293184 Data: 0 0 0 0 0 0 0 0
ID: 419293184 Data: 0 0 0 0 0 0 0 0
ID: 419293184 Data: 0 0 0 0 0 0 0 0
ID: 419293184 Data: 0 0 0 0 0 0 0 0
ID: 419293184 Data: 0 0 0 0 0 0 0 0
ID: 419293184 Data: 0 0 0 0 0 0 0 0
ID: 419293184 Data: 0 0 0 0 0 0 0 0
ID: 419293184 Data: 0 0 0 0 0 0 0 0
ID: 419293184 Data: 0 0 0 0 0 0 0 0
ID: 419293184 Data: 0 0 0 0 0 0 0 0
ID: 419293184 Data: 0 0 0 0 0 0 0 0
ID: 419293184 Data: 0 0 0 0 0 0 0 0
ID: 419293184 Data: 0 0 0 0 0 0 0 0
ID: 419293184 Data: 0 0 0 0 0 0 0 0
ID: 419293184 Data: 0 0 0 0 0 0 0 0
ID: 419293184 Data: 0 0 0 0 0 0 0 0
ID: 419293184 Data: 0 0 0 0 0 0 0 0
ID: 419293184 Data: 0 0 0 0 0 0 0 0
ID: 419293184 Data: 0 0 0 0 0 0 0 0
ID: 419293184 Data: 0 0 0 0 0 0 0 0
ID: 419293184 Data: 0 0 0 0 0 0 0 0
ID: 419293184 Data: 0 0 0 0 0 0 0 0
ID: 419293184 Data: 0 0 0 0 0 0 0 0
ID: 419293184 Data: 0 0 0 0 0 0 0 0
ID: 419293184 Data: 0 0 0 0 0 0 0 0
ID: 419293184 Data: 0 0 0 0 0 0 0 0
ID: 419293184 Data: 0 0 0 0 0 0 0 0
ID: 419293184 Data: 0 0 0 0 0 0 0 0
ID: 419293184 Data: 0 0 0 0 0 0 0 0
ID: 419293184 Data: 0 0 0 0 0 0 0 0
ID: 419293184 Data: 0 0 0 0 0 0 0 0
ID: 419351040 Data: 0 255 0 0 0 0 255 255
ID: 419293184 Data: 0 0 0 0 0 0 0 0
ID: 419293184 Data: 0 0 0 0 0 0 0 0
ID: 419293184 Data: 0 0 0 0 0 0 0 0
ID: 419293184 Data: 0 0 0 0 0 0 0 0
ID: 419293184 Data: 0 0 0 0 0 0 0 0
ID: 419293184 Data: 0 0 0 0 0 0 0 0
ID: 419293184 Data: 0 0 0 0 0 0 0 0
ID: 419293184 Data: 0 0 0 0 0 0 0 0
ID: 419293184 Data: 0 0 0 0 0 0 0 0
ID: 419293184 Data: 0 0 0 0 0 0 0 0
ID: 419293184 Data: 0 0 0 0 0 0 0 0
ID: 419293184 Data: 0 0 0 0 0 0 0 0
ID: 419293184 Data: 0 0 0 0 0 0 0 0
ID: 419293184 Data: 0 0 0 0 0 0 0 0
ID: 419293184 Data: 0 0 0 0 0 0 0 0
ID: 419293184 Data: 0 0 0 0 0 0 0 0
ID: 419293184 Data: 0 0 0 0 0 0 0 0
ID: 419293184 Data: 0 0 0 0 0 0 0 0
ID: 419293184 Data: 0 0 0 0 0 0 0 0
ID: 419293184 Data: 0 0 0 0 0 0 0 0
ID: 419293184 Data: 0 0 0 0 0 0 0 0
ID: 419293184 Data: 0 0 0 0 0 0 0 0
ID: 419293184 Data: 0 0 0 0 0 0 0 0
ID: 419293184 Data: 0 0 0 0 0 0 0 0
ID: 419293184 Data: 0 0 0 0 0 0 0 0
ID: 445 Data: 0 0 1 3 232 0 0 0
ID: 447 Data: 79 0 4 0 0 0 0 0
ID: 890 Data: 0 0 0 255 255 0 0 0
ID: 445 Data: 0 0 1 3 232 0 0 0
ID: 445 Data: 0 0 1 2 238 0 0 0
ID: 447 Data: 77 45 4 0 0 0 0 0
ID: 445 Data: 0 0 1 2 238 0 0 0
ID: 447 Data: 76 45 4 0 0 0 0 0
ID: 445 Data: 0 0 1 2 238 0 0 0
ID: 445 Data: 0 0 1 2 238 0 0 0
ID: 447 Data: 76 45 4 0 0 0 0 0
ID: 445 Data: 0 0 1 2 238 0 0 0
ID: 447 Data: 76 45 4 0 0 0 0 0
ID: 445 Data: 0 0 1 2 238 0 0 0
ID: 445 Data: 0 0 1 2 238 0 0 0
ID: 447 Data: 77 45 4 0 0 0 0 0
ID: 445 Data: 0 0 1 2 238 0 0 0
ID: 445 Data: 0 0 1 2 238 0 0 0
ID: 447 Data: 75 45 4 0 0 0 0 0
Loop Count/Sec: 807851
ID: 445 Data: 0 0 1 2 238 0 0 0
ID: 447 Data: 76 45 4 0 0 0 0 0
ID: 445 Data: 0 0 1 2 238 0 0 0
ID: 445 Data: 0 0 1 2 238 0 0 0
ID: 447 Data: 76 45 4 0 0 0 0 0
ID: 445 Data: 0 0 1 2 238 0 0 0
ID: 447 Data: 75 45 4 0 0 0 0 0
ID: 445 Data: 0 0 1 2 238 0 0 0
ID: 445 Data: 0 0 1 2 238 0 0 0
ID: 447 Data: 76 45 4 0 0 0 0 0
ID: 445 Data: 0 0 1 2 238 0 0 0
ID: 445 Data: 0 0 1 2 238 0 0 0
ID: 447 Data: 77 45 4 0 0 0 0 0
ID: 445 Data: 0 0 1 2 238 0 0 0
ID: 447 Data: 76 45 4 0 0 0 0 0
ID: 445 Data: 0 0 1 2 238 0 0 0
ID: 445 Data: 0 0 1 2 238 0 0 0
ID: 447 Data: 76 45 4 0 0 0 0 0
ID: 445 Data: 0 0 1 2 238 0 0 0
ID: 447 Data: 76 211 4 0 0 0 0 0
ID: 445 Data: 0 0 1 2 238 0 0 0
ID: 445 Data: 0 0 1 2 238 0 0 0
ID: 447 Data: 78 211 4 0 0 0 0 0
ID: 445 Data: 0 0 1 2 238 0 0 0
ID: 447 Data: 78 221 4 0 0 0 0 0
ID: 445 Data: 0 0 1 2 238 0 0 0
ID: 445 Data: 0 0 1 2 238 0 0 0
ID: 447 Data: 78 221 4 0 0 0 0 0
ID: 445 Data: 0 0 1 2 238 0 0 0
ID: 445 Data: 0 0 1 2 238 0 0 0
ID: 447 Data: 78 221 4 0 0 0 0 0
ID: 445 Data: 0 0 1 2 238 0 0 0
ID: 447 Data: 78 221 4 0 0 0 0 0
ID: 445 Data: 0 0 1 2 238 0 0 0
ID: 445 Data: 0 0 1 2 238 0 0 0
ID: 447 Data: 78 221 4 0 0 0 0 0
ID: 445 Data: 0 0 1 2 238 0 0 0
ID: 447 Data: 78 221 4 0 0 0 0 0
ID: 445 Data: 0 0 1 2 238 0 0 0
ID: 445 Data: 0 0 1 2 238 0 0 0
ID: 447 Data: 78 221 4 0 0 0 0 0
ID: 445 Data: 0 0 1 2 238 0 0 0
ID: 445 Data: 0 0 1 2 238 0 0 0
ID: 447 Data: 79 221 4 0 0 0 0 0
ID: 445 Data: 0 0 1 2 238 0 0 0
ID: 447 Data: 78 221 4 0 0 0 0 0
ID: 445 Data: 0 0 1 2 238 0 0 0
ID: 445 Data: 0 0 1 2 238 0 0 0
ID: 447 Data: 78 221 4 0 0 0 0 0
ID: 445 Data: 0 0 1 2 238 0 0 0
ID: 447 Data: 78 221 4 0 0 0 0 0
ID: 445 Data: 0 0 1 2 238 0 0 0
ID: 445 Data: 0 0 1 2 238 0 0 0
ID: 447 Data: 78 221 4 0 0 0 0 0
ID: 445 Data: 0 0 1 2 238 0 0 0
ID: 445 Data: 0 0 1 2 238 0 0 0
ID: 447 Data: 78 221 4 0 0 0 0 0
ID: 445 Data: 0 0 1 2 238 0 0 0
ID: 447 Data: 79 221 4 0 0 0 0 0
ID: 445 Data: 0 0 1 2 238 0 0 0
ID: 445 Data: 0 0 1 2 238 0 0 0
ID: 447 Data: 78 221 4 0 0 0 0 0
ID: 445 Data: 0 0 1 2 238 0 0 0
ID: 447 Data: 78 221 4 0 0 0 0 0
ID: 445 Data: 0 0 1 2 238 0 0 0
ID: 890 Data: 0 0 0 255 255 0 0 0
ID: 445 Data: 0 0 1 2 238 0 0 0
ID: 447 Data: 78 221 4 0 0 0 0 0
ID: 445 Data: 0 0 1 2 238 0 0 0
ID: 447 Data: 78 221 4 0 0 0 0 0
ID: 445 Data: 0 0 1 2 238 0 0 0
ID: 445 Data: 0 0 1 2 238 0 0 0
ID: 447 Data: 78 221 4 0 0 0 0 0
ID: 445 Data: 0 0 1 2 238 0 0 0
ID: 447 Data: 79 221 4 0 0 0 0 0
ID: 445 Data: 0 0 1 2 238 0 0 0
ID: 445 Data: 0 0 1 2 238 0 0 0
ID: 447 Data: 78 221 4 0 0 0 0 0
ID: 445 Data: 0 0 1 2 238 0 0 0
ID: 445 Data: 0 0 1 2 238 0 0 0
ID: 447 Data: 78 221 4 0 0 0 0 0
ID: 445 Data: 0 0 1 2 238 0 0 0
ID: 447 Data: 78 221 4 0 0 0 0 0
ID: 445 Data: 0 0 1 2 238 0 0 0
ID: 445 Data: 0 0 1 2 238 0 0 0
ID: 447 Data: 78 221 4 0 0 0 0 0
ID: 445 Data: 0 0 1 2 238 0 0 0
ID: 445 Data: 0 0 1 2 238 0 0 0
ID: 447 Data: 78 221 4 0 0 0 0 0
ID: 445 Data: 0 0 1 2 238 0 0 0
ID: 447 Data: 78 221 4 0 0 0 0 0
ID: 445 Data: 0 0 1 2 238 0 0 0
ID: 445 Data: 0 0 1 2 238 0 0 0
ID: 447 Data: 78 221 4 0 0 0 0 0
ID: 445 Data: 0 0 1 2 238 0 0 0
ID: 447 Data: 78 221 4 0 0 0 0 0
ID: 445 Data: 0 0 1 2 238 0 0 0
ID: 445 Data: 0 0 1 2 238 0 0 0
ID: 447 Data: 78 221 4 0 0 0 0 0
ID: 445 Data: 0 0 1 2 238 0 0 0
ID: 445 Data: 0 0 1 2 238 0 0 0
ID: 447 Data: 78 221 4 0 0 0 0 0
ID: 419351040 Data: 0 255 0 0 0 0 255 255
ID: 445 Data: 0 0 1 2 238 0 0 0
ID: 447 Data: 77 221 4 0 0 0 0 0
ID: 445 Data: 0 0 1 2 238 0 0 0
ID: 445 Data: 0 0 1 2 238 0 0 0
ID: 447 Data: 77 221 4 0 0 0 0 0
ID: 445 Data: 0 0 1 2 238 0 0 0
ID: 447 Data: 78 221 4 0 0 0 0 0
ID: 445 Data: 0 0 1 2 238 0 0 0
ID: 445 Data: 0 0 1 2 238 0 0 0
ID: 447 Data: 77 221 4 0 0 0 0 0
ID: 445 Data: 0 0 1 2 238 0 0 0
ID: 445 Data: 0 0 1 2 238 0 0 0
ID: 447 Data: 77 221 4 0 0 0 0 0
ID: 445 Data: 0 0 1 2 238 0 0 0
ID: 447 Data: 77 221 4 0 0 0 0 0
ID: 445 Data: 0 0 1 2 238 0 0 0
ID: 445 Data: 0 0 1 2 238 0 0 0
ID: 447 Data: 76 221 4 0 0 0 0 0
ID: 445 Data: 0 0 1 2 238 0 0 0
ID: 447 Data: 77 221 6 3 232 0 0 0
ID: 445 Data: 0 0 1 2 238 0 0 0
ID: 445 Data: 0 0 1 2 238 0 0 0
ID: 447 Data: 78 2 6 3 232 0 0 0
ID: 445 Data: 0 0 1 2 238 0 0 0
ID: 445 Data: 0 0 1 2 238 0 0 0
ID: 447 Data: 79 33 6 3 222 0 0 0
ID: 445 Data: 0 0 1 2 238 0 0 0
ID: 447 Data: 78 43 6 3 187 0 0 0
ID: 445 Data: 0 0 1 2 238 0 0 0
ID: 445 Data: 0 0 1 2 238 0 0 0
ID: 447 Data: 78 47 6 3 153 0 0 0
ID: 445 Data: 0 0 1 2 238 0 0 0
ID: 447 Data: 78 39 6 3 111 0 0 0

Commanded 50 startup
Loop Count/Sec: 481657
ID: 418316032 Data: 185 138 86 20 24 125 0 128 // iso address claim
ID: 419293184 Data: 0 0 0 0 0 0 0 0
ID: 419293184 Data: 0 0 0 0 0 0 0 0
ID: 419293184 Data: 0 0 0 0 0 0 0 0
ID: 419293184 Data: 0 0 0 0 0 0 0 0
ID: 419293184 Data: 0 0 0 0 0 0 0 0
ID: 419293184 Data: 0 0 0 0 0 0 0 0
ID: 419293184 Data: 0 0 0 0 0 0 0 0
ID: 419293184 Data: 0 0 0 0 0 0 0 0
ID: 419293184 Data: 0 0 0 0 0 0 0 0
ID: 419293184 Data: 0 0 0 0 0 0 0 0
ID: 419293184 Data: 0 0 0 0 0 0 0 0
ID: 419293184 Data: 0 0 0 0 0 0 0 0
ID: 419293184 Data: 0 0 0 0 0 0 0 0
ID: 419293184 Data: 0 0 0 0 0 0 0 0
ID: 419293184 Data: 0 0 0 0 0 0 0 0
ID: 419293184 Data: 0 0 0 0 0 0 0 0
ID: 419293184 Data: 0 0 0 0 0 0 0 0
ID: 419293184 Data: 0 0 0 0 0 0 0 0
ID: 419293184 Data: 0 0 0 0 0 0 0 0
ID: 419293184 Data: 0 0 0 0 0 0 0 0
ID: 419293184 Data: 0 0 0 0 0 0 0 0
ID: 419293184 Data: 0 0 0 0 0 0 0 0
ID: 419293184 Data: 0 0 0 0 0 0 0 0
ID: 419293184 Data: 0 0 0 0 0 0 0 0
ID: 419293184 Data: 0 0 0 0 0 0 0 0
ID: 419293184 Data: 0 0 0 0 0 0 0 0
ID: 419293184 Data: 0 0 0 0 0 0 0 0
ID: 419293184 Data: 0 0 0 0 0 0 0 0
ID: 419293184 Data: 0 0 0 0 0 0 0 0
ID: 419293184 Data: 0 0 0 0 0 0 0 0
ID: 419293184 Data: 0 0 0 0 0 0 0 0
ID: 419293184 Data: 0 0 0 0 0 0 0 0
ID: 419293184 Data: 0 0 0 0 0 0 0 0
ID: 419293184 Data: 0 0 0 0 0 0 0 0
ID: 419293184 Data: 0 0 0 0 0 0 0 0
ID: 419293184 Data: 0 0 0 0 0 0 0 0
ID: 419293184 Data: 0 0 0 0 0 0 0 0
ID: 419293184 Data: 0 0 0 0 0 0 0 0
ID: 419293184 Data: 0 0 0 0 0 0 0 0
ID: 419293184 Data: 0 0 0 0 0 0 0 0
ID: 419293184 Data: 0 0 0 0 0 0 0 0
ID: 419293184 Data: 0 0 0 0 0 0 0 0
ID: 419293184 Data: 0 0 0 0 0 0 0 0
ID: 419293184 Data: 0 0 0 0 0 0 0 0
ID: 419293184 Data: 0 0 0 0 0 0 0 0
ID: 419293184 Data: 0 0 0 0 0 0 0 0
ID: 419293184 Data: 0 0 0 0 0 0 0 0
ID: 419293184 Data: 0 0 0 0 0 0 0 0
ID: 419293184 Data: 0 0 0 0 0 0 0 0
ID: 419293184 Data: 0 0 0 0 0 0 0 0
ID: 419293184 Data: 0 0 0 0 0 0 0 0
ID: 419293184 Data: 0 0 0 0 0 0 0 0
ID: 419293184 Data: 0 0 0 0 0 0 0 0
ID: 419293184 Data: 0 0 0 0 0 0 0 0
ID: 419293184 Data: 0 0 0 0 0 0 0 0
ID: 419293184 Data: 0 0 0 0 0 0 0 0
ID: 419293184 Data: 0 0 0 0 0 0 0 0
ID: 419293184 Data: 0 0 0 0 0 0 0 0
ID: 419293184 Data: 0 0 0 0 0 0 0 0
ID: 419293184 Data: 0 0 0 0 0 0 0 0
ID: 419293184 Data: 0 0 0 0 0 0 0 0
ID: 419293184 Data: 0 0 0 0 0 0 0 0
ID: 419293184 Data: 0 0 0 0 0 0 0 0
ID: 419293184 Data: 0 0 0 0 0 0 0 0
ID: 419293184 Data: 0 0 0 0 0 0 0 0
ID: 419293184 Data: 0 0 0 0 0 0 0 0
ID: 419293184 Data: 0 0 0 0 0 0 0 0
ID: 419293184 Data: 0 0 0 0 0 0 0 0
ID: 419293184 Data: 0 0 0 0 0 0 0 0
ID: 419293184 Data: 0 0 0 0 0 0 0 0
ID: 419293184 Data: 0 0 0 0 0 0 0 0
ID: 419293184 Data: 0 0 0 0 0 0 0 0
ID: 419293184 Data: 0 0 0 0 0 0 0 0
ID: 419293184 Data: 0 0 0 0 0 0 0 0
Loop Count/Sec: 808029
ID: 419293184 Data: 0 0 0 0 0 0 0 0
ID: 419293184 Data: 0 0 0 0 0 0 0 0
ID: 419293184 Data: 0 0 0 0 0 0 0 0
ID: 419293184 Data: 0 0 0 0 0 0 0 0
ID: 419293184 Data: 0 0 0 0 0 0 0 0
ID: 419293184 Data: 0 0 0 0 0 0 0 0
ID: 419293184 Data: 0 0 0 0 0 0 0 0
ID: 419293184 Data: 0 0 0 0 0 0 0 0
ID: 419293184 Data: 0 0 0 0 0 0 0 0
ID: 419293184 Data: 0 0 0 0 0 0 0 0
ID: 419293184 Data: 0 0 0 0 0 0 0 0
ID: 419293184 Data: 0 0 0 0 0 0 0 0
ID: 419293184 Data: 0 0 0 0 0 0 0 0
ID: 419351040 Data: 0 255 0 0 0 0 255 255
ID: 419293184 Data: 0 0 0 0 0 0 0 0
ID: 419293184 Data: 0 0 0 0 0 0 0 0
ID: 419293184 Data: 0 0 0 0 0 0 0 0
ID: 419293184 Data: 0 0 0 0 0 0 0 0
ID: 419293184 Data: 0 0 0 0 0 0 0 0
ID: 419293184 Data: 0 0 0 0 0 0 0 0
ID: 419293184 Data: 0 0 0 0 0 0 0 0
ID: 419293184 Data: 0 0 0 0 0 0 0 0
ID: 419293184 Data: 0 0 0 0 0 0 0 0
ID: 419293184 Data: 0 0 0 0 0 0 0 0
ID: 419293184 Data: 0 0 0 0 0 0 0 0
ID: 419293184 Data: 0 0 0 0 0 0 0 0
ID: 419293184 Data: 0 0 0 0 0 0 0 0
ID: 419293184 Data: 0 0 0 0 0 0 0 0
ID: 419293184 Data: 0 0 0 0 0 0 0 0
ID: 419293184 Data: 0 0 0 0 0 0 0 0
ID: 419293184 Data: 0 0 0 0 0 0 0 0
ID: 419293184 Data: 0 0 0 0 0 0 0 0
ID: 419293184 Data: 0 0 0 0 0 0 0 0
ID: 419293184 Data: 0 0 0 0 0 0 0 0
ID: 419293184 Data: 0 0 0 0 0 0 0 0
ID: 419293184 Data: 0 0 0 0 0 0 0 0
ID: 419293184 Data: 0 0 0 0 0 0 0 0
ID: 419293184 Data: 0 0 0 0 0 0 0 0
ID: 419293184 Data: 0 0 0 0 0 0 0 0
ID: 419293184 Data: 0 0 0 0 0 0 0 0
ID: 419293184 Data: 0 0 0 0 0 0 0 0
ID: 419293184 Data: 0 0 0 0 0 0 0 0
ID: 419293184 Data: 0 0 0 0 0 0 0 0
ID: 419293184 Data: 0 0 0 0 0 0 0 0
ID: 419293184 Data: 0 0 0 0 0 0 0 0
ID: 419293184 Data: 0 0 0 0 0 0 0 0
ID: 419293184 Data: 0 0 0 0 0 0 0 0
ID: 419293184 Data: 0 0 0 0 0 0 0 0
ID: 419293184 Data: 0 0 0 0 0 0 0 0
ID: 419293184 Data: 0 0 0 0 0 0 0 0
ID: 419293184 Data: 0 0 0 0 0 0 0 0
ID: 419293184 Data: 0 0 0 0 0 0 0 0
ID: 419293184 Data: 0 0 0 0 0 0 0 0
ID: 419293184 Data: 0 0 0 0 0 0 0 0
ID: 419293184 Data: 0 0 0 0 0 0 0 0
ID: 419293184 Data: 0 0 0 0 0 0 0 0
ID: 419293184 Data: 0 0 0 0 0 0 0 0
ID: 419293184 Data: 0 0 0 0 0 0 0 0
ID: 419293184 Data: 0 0 0 0 0 0 0 0
ID: 419293184 Data: 0 0 0 0 0 0 0 0
ID: 419293184 Data: 0 0 0 0 0 0 0 0
ID: 419293184 Data: 0 0 0 0 0 0 0 0
ID: 419293184 Data: 0 0 0 0 0 0 0 0
ID: 419293184 Data: 0 0 0 0 0 0 0 0
ID: 419293184 Data: 0 0 0 0 0 0 0 0
ID: 419293184 Data: 0 0 0 0 0 0 0 0
ID: 419293184 Data: 0 0 0 0 0 0 0 0
ID: 419293184 Data: 0 0 0 0 0 0 0 0
ID: 419293184 Data: 0 0 0 0 0 0 0 0
ID: 419293184 Data: 0 0 0 0 0 0 0 0
ID: 419293184 Data: 0 0 0 0 0 0 0 0
ID: 419293184 Data: 0 0 0 0 0 0 0 0
ID: 419293184 Data: 0 0 0 0 0 0 0 0
ID: 419293184 Data: 0 0 0 0 0 0 0 0
ID: 419293184 Data: 0 0 0 0 0 0 0 0
ID: 419293184 Data: 0 0 0 0 0 0 0 0
ID: 419293184 Data: 0 0 0 0 0 0 0 0
ID: 419293184 Data: 0 0 0 0 0 0 0 0
ID: 419293184 Data: 0 0 0 0 0 0 0 0
ID: 419293184 Data: 0 0 0 0 0 0 0 0
ID: 419293184 Data: 0 0 0 0 0 0 0 0
ID: 419293184 Data: 0 0 0 0 0 0 0 0
ID: 419293184 Data: 0 0 0 0 0 0 0 0
ID: 419293184 Data: 0 0 0 0 0 0 0 0
ID: 419293184 Data: 0 0 0 0 0 0 0 0
ID: 419293184 Data: 0 0 0 0 0 0 0 0
ID: 419293184 Data: 0 0 0 0 0 0 0 0
ID: 419293184 Data: 0 0 0 0 0 0 0 0
ID: 419293184 Data: 0 0 0 0 0 0 0 0
ID: 419293184 Data: 0 0 0 0 0 0 0 0
ID: 419293184 Data: 0 0 0 0 0 0 0 0
ID: 419293184 Data: 0 0 0 0 0 0 0 0
ID: 419293184 Data: 0 0 0 0 0 0 0 0
ID: 419293184 Data: 0 0 0 0 0 0 0 0
ID: 419293184 Data: 0 0 0 0 0 0 0 0
ID: 419293184 Data: 0 0 0 0 0 0 0 0
ID: 419293184 Data: 0 0 0 0 0 0 0 0
ID: 419293184 Data: 0 0 0 0 0 0 0 0
ID: 419293184 Data: 0 0 0 0 0 0 0 0
ID: 419293184 Data: 0 0 0 0 0 0 0 0
ID: 419293184 Data: 0 0 0 0 0 0 0 0
Loop Count/Sec: 807875
ID: 419293184 Data: 0 0 0 0 0 0 0 0
ID: 419293184 Data: 0 0 0 0 0 0 0 0
ID: 419293184 Data: 0 0 0 0 0 0 0 0
ID: 419293184 Data: 0 0 0 0 0 0 0 0
ID: 419293184 Data: 0 0 0 0 0 0 0 0
ID: 419293184 Data: 0 0 0 0 0 0 0 0
ID: 419293184 Data: 0 0 0 0 0 0 0 0
ID: 419293184 Data: 0 0 0 0 0 0 0 0
ID: 419293184 Data: 0 0 0 0 0 0 0 0
ID: 419293184 Data: 0 0 0 0 0 0 0 0
ID: 419293184 Data: 0 0 0 0 0 0 0 0
ID: 419293184 Data: 0 0 0 0 0 0 0 0
ID: 419293184 Data: 0 0 0 0 0 0 0 0
ID: 419351040 Data: 0 255 0 0 0 0 255 255
ID: 419293184 Data: 0 0 0 0 0 0 0 0
ID: 419293184 Data: 0 0 0 0 0 0 0 0
ID: 419293184 Data: 0 0 0 0 0 0 0 0
ID: 419293184 Data: 0 0 0 0 0 0 0 0
ID: 419293184 Data: 0 0 0 0 0 0 0 0
ID: 419293184 Data: 0 0 0 0 0 0 0 0
ID: 419293184 Data: 0 0 0 0 0 0 0 0
ID: 419293184 Data: 0 0 0 0 0 0 0 0
ID: 419293184 Data: 0 0 0 0 0 0 0 0
ID: 419293184 Data: 0 0 0 0 0 0 0 0
ID: 419293184 Data: 0 0 0 0 0 0 0 0
ID: 419293184 Data: 0 0 0 0 0 0 0 0
ID: 419293184 Data: 0 0 0 0 0 0 0 0
ID: 419293184 Data: 0 0 0 0 0 0 0 0
ID: 419293184 Data: 0 0 0 0 0 0 0 0
ID: 419293184 Data: 0 0 0 0 0 0 0 0
ID: 419293184 Data: 0 0 0 0 0 0 0 0
ID: 419293184 Data: 0 0 0 0 0 0 0 0
ID: 419293184 Data: 0 0 0 0 0 0 0 0
ID: 419293184 Data: 0 0 0 0 0 0 0 0
ID: 419293184 Data: 0 0 0 0 0 0 0 0
ID: 419293184 Data: 0 0 0 0 0 0 0 0
ID: 419293184 Data: 0 0 0 0 0 0 0 0
ID: 419293184 Data: 0 0 0 0 0 0 0 0
ID: 419293184 Data: 0 0 0 0 0 0 0 0
ID: 419293184 Data: 0 0 0 0 0 0 0 0
ID: 419293184 Data: 0 0 0 0 0 0 0 0
ID: 419293184 Data: 0 0 0 0 0 0 0 0
ID: 419293184 Data: 0 0 0 0 0 0 0 0
ID: 419293184 Data: 0 0 0 0 0 0 0 0
ID: 419293184 Data: 0 0 0 0 0 0 0 0
ID: 419293184 Data: 0 0 0 0 0 0 0 0
ID: 419293184 Data: 0 0 0 0 0 0 0 0
ID: 419293184 Data: 0 0 0 0 0 0 0 0
ID: 419293184 Data: 0 0 0 0 0 0 0 0
ID: 419293184 Data: 0 0 0 0 0 0 0 0
ID: 419293184 Data: 0 0 0 0 0 0 0 0
ID: 419293184 Data: 0 0 0 0 0 0 0 0
ID: 419293184 Data: 0 0 0 0 0 0 0 0
ID: 419293184 Data: 0 0 0 0 0 0 0 0
ID: 419293184 Data: 0 0 0 0 0 0 0 0
ID: 419293184 Data: 0 0 0 0 0 0 0 0
ID: 419293184 Data: 0 0 0 0 0 0 0 0
ID: 419293184 Data: 0 0 0 0 0 0 0 0
ID: 419293184 Data: 0 0 0 0 0 0 0 0
ID: 419293184 Data: 0 0 0 0 0 0 0 0
ID: 419293184 Data: 0 0 0 0 0 0 0 0
ID: 419293184 Data: 0 0 0 0 0 0 0 0
ID: 419293184 Data: 0 0 0 0 0 0 0 0
ID: 419293184 Data: 0 0 0 0 0 0 0 0
ID: 419293184 Data: 0 0 0 0 0 0 0 0
ID: 419293184 Data: 0 0 0 0 0 0 0 0
ID: 419293184 Data: 0 0 0 0 0 0 0 0
ID: 419293184 Data: 0 0 0 0 0 0 0 0
ID: 419293184 Data: 0 0 0 0 0 0 0 0
ID: 419293184 Data: 0 0 0 0 0 0 0 0
ID: 419293184 Data: 0 0 0 0 0 0 0 0
ID: 419293184 Data: 0 0 0 0 0 0 0 0
ID: 419293184 Data: 0 0 0 0 0 0 0 0
ID: 419293184 Data: 0 0 0 0 0 0 0 0
ID: 419293184 Data: 0 0 0 0 0 0 0 0
ID: 419293184 Data: 0 0 0 0 0 0 0 0
ID: 419293184 Data: 0 0 0 0 0 0 0 0
ID: 419293184 Data: 0 0 0 0 0 0 0 0
ID: 419293184 Data: 0 0 0 0 0 0 0 0
ID: 419293184 Data: 0 0 0 0 0 0 0 0
ID: 419293184 Data: 0 0 0 0 0 0 0 0
ID: 419293184 Data: 0 0 0 0 0 0 0 0
ID: 419293184 Data: 0 0 0 0 0 0 0 0
ID: 419293184 Data: 0 0 0 0 0 0 0 0
ID: 419293184 Data: 0 0 0 0 0 0 0 0
ID: 419293184 Data: 0 0 0 0 0 0 0 0
ID: 419293184 Data: 0 0 0 0 0 0 0 0
ID: 419293184 Data: 0 0 0 0 0 0 0 0
ID: 419293184 Data: 0 0 0 0 0 0 0 0
ID: 419293184 Data: 0 0 0 0 0 0 0 0
Loop Count/Sec: 807994
ID: 419293184 Data: 0 0 0 0 0 0 0 0
ID: 419293184 Data: 0 0 0 0 0 0 0 0
ID: 419293184 Data: 0 0 0 0 0 0 0 0
ID: 419293184 Data: 0 0 0 0 0 0 0 0
ID: 419293184 Data: 0 0 0 0 0 0 0 0
ID: 419293184 Data: 0 0 0 0 0 0 0 0
ID: 419293184 Data: 0 0 0 0 0 0 0 0
ID: 419293184 Data: 0 0 0 0 0 0 0 0
ID: 419293184 Data: 0 0 0 0 0 0 0 0
ID: 419293184 Data: 0 0 0 0 0 0 0 0
ID: 419293184 Data: 0 0 0 0 0 0 0 0
ID: 419293184 Data: 0 0 0 0 0 0 0 0
ID: 419293184 Data: 0 0 0 0 0 0 0 0
ID: 419293184 Data: 0 0 0 0 0 0 0 0
ID: 419293184 Data: 0 0 0 0 0 0 0 0
ID: 419293184 Data: 0 0 0 0 0 0 0 0
ID: 419293184 Data: 0 0 0 0 0 0 0 0
ID: 419293184 Data: 0 0 0 0 0 0 0 0
ID: 419293184 Data: 0 0 0 0 0 0 0 0
ID: 419293184 Data: 0 0 0 0 0 0 0 0
ID: 419293184 Data: 0 0 0 0 0 0 0 0
ID: 419293184 Data: 0 0 0 0 0 0 0 0
ID: 419293184 Data: 0 0 0 0 0 0 0 0
ID: 419293184 Data: 0 0 0 0 0 0 0 0
ID: 419351040 Data: 0 255 0 0 0 0 255 255
ID: 419293184 Data: 0 0 0 0 0 0 0 0
ID: 419293184 Data: 0 0 0 0 0 0 0 0
ID: 419293184 Data: 0 0 0 0 0 0 0 0
ID: 419293184 Data: 0 0 0 0 0 0 0 0
ID: 419293184 Data: 0 0 0 0 0 0 0 0
ID: 419293184 Data: 0 0 0 0 0 0 0 0
ID: 419293184 Data: 0 0 0 0 0 0 0 0
ID: 419293184 Data: 0 0 0 0 0 0 0 0
ID: 419293184 Data: 0 0 0 0 0 0 0 0
ID: 419293184 Data: 0 0 0 0 0 0 0 0
ID: 419293184 Data: 0 0 0 0 0 0 0 0
ID: 419293184 Data: 0 0 0 0 0 0 0 0
ID: 419293184 Data: 0 0 0 0 0 0 0 0
ID: 419293184 Data: 0 0 0 0 0 0 0 0
ID: 419293184 Data: 0 0 0 0 0 0 0 0
ID: 419293184 Data: 0 0 0 0 0 0 0 0
ID: 419293184 Data: 0 0 0 0 0 0 0 0
ID: 419293184 Data: 0 0 0 0 0 0 0 0
ID: 419293184 Data: 0 0 0 0 0 0 0 0
ID: 419293184 Data: 0 0 0 0 0 0 0 0
ID: 419293184 Data: 0 0 0 0 0 0 0 0
ID: 419293184 Data: 0 0 0 0 0 0 0 0
ID: 445 Data: 0 0 1 3 232 0 0 0
ID: 447 Data: 79 0 4 0 0 0 0 0
ID: 890 Data: 0 0 0 255 255 0 0 0
ID: 445 Data: 0 0 1 3 232 0 0 0
ID: 445 Data: 0 0 1 3 232 0 0 0
ID: 447 Data: 77 45 4 0 0 0 0 0
ID: 445 Data: 0 0 1 3 232 0 0 0
ID: 447 Data: 76 45 4 0 0 0 0 0
ID: 445 Data: 0 0 1 3 232 0 0 0
ID: 445 Data: 0 0 1 1 244 0 0 0
ID: 447 Data: 75 45 4 0 0 0 0 0
ID: 445 Data: 0 0 1 1 244 0 0 0
ID: 445 Data: 0 0 1 1 244 0 0 0
ID: 447 Data: 76 45 4 0 0 0 0 0
ID: 447 Data: 77 45 4 0 0 0 0 0
ID: 445 Data: 0 0 1 1 244 0 0 0
ID: 445 Data: 0 0 1 1 244 0 0 0
ID: 447 Data: 75 45 4 0 0 0 0 0
ID: 445 Data: 0 0 1 1 244 0 0 0
ID: 447 Data: 76 45 4 0 0 0 0 0
Loop Count/Sec: 808245
ID: 445 Data: 0 0 1 1 244 0 0 0
ID: 447 Data: 76 45 4 0 0 0 0 0
ID: 445 Data: 0 0 1 1 244 0 0 0
ID: 445 Data: 0 0 1 1 244 0 0 0
ID: 447 Data: 75 45 4 0 0 0 0 0
ID: 445 Data: 0 0 1 1 244 0 0 0
ID: 445 Data: 0 0 1 1 244 0 0 0
ID: 447 Data: 76 45 4 0 0 0 0 0
ID: 445 Data: 0 0 1 1 244 0 0 0
ID: 447 Data: 77 45 4 0 0 0 0 0
ID: 445 Data: 0 0 1 1 244 0 0 0
ID: 445 Data: 0 0 1 1 244 0 0 0
ID: 447 Data: 76 45 4 0 0 0 0 0
ID: 445 Data: 0 0 1 1 244 0 0 0
ID: 447 Data: 76 45 4 0 0 0 0 0
ID: 445 Data: 0 0 1 1 244 0 0 0
ID: 445 Data: 0 0 1 1 244 0 0 0
ID: 447 Data: 76 211 4 0 0 0 0 0
ID: 445 Data: 0 0 1 1 244 0 0 0
ID: 445 Data: 0 0 1 1 244 0 0 0
ID: 447 Data: 78 211 4 0 0 0 0 0
ID: 445 Data: 0 0 1 1 244 0 0 0
ID: 447 Data: 78 221 4 0 0 0 0 0
ID: 445 Data: 0 0 1 1 244 0 0 0
ID: 445 Data: 0 0 1 1 244 0 0 0
ID: 447 Data: 78 221 4 0 0 0 0 0
ID: 445 Data: 0 0 1 1 244 0 0 0
ID: 447 Data: 78 221 4 0 0 0 0 0
ID: 445 Data: 0 0 1 1 244 0 0 0
ID: 445 Data: 0 0 1 1 244 0 0 0
ID: 447 Data: 78 221 4 0 0 0 0 0
ID: 445 Data: 0 0 1 1 244 0 0 0
ID: 447 Data: 78 221 4 0 0 0 0 0
ID: 445 Data: 0 0 1 1 244 0 0 0
ID: 445 Data: 0 0 1 1 244 0 0 0
ID: 447 Data: 77 221 4 0 0 0 0 0
ID: 445 Data: 0 0 1 1 244 0 0 0
ID: 445 Data: 0 0 1 1 244 0 0 0
ID: 447 Data: 77 221 4 0 0 0 0 0
ID: 445 Data: 0 0 1 1 244 0 0 0
ID: 447 Data: 78 221 4 0 0 0 0 0
ID: 445 Data: 0 0 1 1 244 0 0 0
ID: 445 Data: 0 0 1 1 244 0 0 0
ID: 447 Data: 77 221 4 0 0 0 0 0
ID: 445 Data: 0 0 1 1 244 0 0 0
ID: 447 Data: 77 221 4 0 0 0 0 0
ID: 445 Data: 0 0 1 1 244 0 0 0
ID: 445 Data: 0 0 1 1 244 0 0 0
ID: 447 Data: 77 221 4 0 0 0 0 0
ID: 445 Data: 0 0 1 1 244 0 0 0
ID: 445 Data: 0 0 1 1 244 0 0 0
ID: 447 Data: 76 221 4 0 0 0 0 0
ID: 445 Data: 0 0 1 1 244 0 0 0
ID: 447 Data: 77 221 4 0 0 0 0 0
ID: 445 Data: 0 0 1 1 244 0 0 0
ID: 445 Data: 0 0 1 1 244 0 0 0
ID: 447 Data: 78 20 6 3 232 0 0 0
ID: 445 Data: 0 0 1 1 244 0 0 0
ID: 447 Data: 79 71 6 3 197 0 0 0
ID: 445 Data: 0 0 1 1 244 0 0 0
ID: 445 Data: 0 0 1 1 244 0 0 0
ID: 447 Data: 78 91 6 3 133 0 0 0
ID: 890 Data: 0 0 0 255 255 0 0 0
ID: 445 Data: 0 0 1 1 244 0 0 0
ID: 445 Data: 0 0 1 1 244 0 0 0
ID: 447 Data: 78 84 6 3 48 0 0 0
ID: 445 Data: 0 0 1 1 244 0 0 0
ID: 447 Data: 78 67 6 2 223 0 0 0
ID: 445 Data: 0 0 1 1 244 0 0 0
ID: 445 Data: 0 0 1 1 244 0 0 0
ID: 447 Data: 78 50 6 2 162 0 0 0
ID: 445 Data: 0 0 1 1 244 0 0 0
ID: 447 Data: 79 39 6 2 117 0 0 0
ID: 445 Data: 0 0 1 1 244 0 0 0
ID: 445 Data: 0 0 1 1 244 0 0 0
ID: 447 Data: 78 32 6 2 86 0 0 0
ID: 445 Data: 0 0 1 1 244 0 0 0
ID: 445 Data: 0 0 1 1 244 0 0 0
ID: 447 Data: 78 26 6 2 56 0 0 0
ID: 445 Data: 0 0 1 1 244 0 0 0
ID: 447 Data: 79 17 6 2 34 0 0 0
ID: 445 Data: 0 0 1 1 244 0 0 0
ID: 445 Data: 0 0 1 1 244 0 0 0
ID: 447 Data: 79 12 6 2 19 0 0 0
ID: 445 Data: 0 0 1 1 244 0 0 0
ID: 447 Data: 79 9 6 2 10 0 0 0
ID: 445 Data: 0 0 1 1 244 0 0 0
ID: 445 Data: 0 0 1 1 244 0 0 0
ID: 447 Data: 79 5 6 2 2 0 0 0
ID: 445 Data: 0 0 1 1 244 0 0 0
ID: 445 Data: 0 0 1 1 244 0 0 0
ID: 447 Data: 79 4 6 1 253 0 0 0
ID: 445 Data: 0 0 1 1 244 0 0 0
ID: 447 Data: 79 3 6 1 251 0 0 0
ID: 445 Data: 0 0 1 1 244 0 0 0
ID: 445 Data: 0 0 1 1 244 0 0 0
ID: 447 Data: 79 3 6 1 248 0 0 0
ID: 445 Data: 0 0 1 1 244 0 0 0
ID: 447 Data: 79 4 6 1 248 0 0 0
ID: 445 Data: 0 0 1 1 244 0 0 0
ID: 445 Data: 0 0 1 1 244 0 0 0
ID: 447 Data: 79 3 6 1 246 0 0 0
ID: 445 Data: 0 0 1 1 244 0 0 0
ID: 447 Data: 79 3 6 1 246 0 0 0
ID: 445 Data: 0 0 1 1 244 0 0 0
ID: 419351040 Data: 0 255 0 0 0 0 255 255
ID: 445 Data: 0 0 1 1 244 0 0 0
ID: 447 Data: 79 2 6 1 244 0 0 0
ID: 445 Data: 0 0 1 1 244 0 0 0
ID: 445 Data: 0 0 1 1 244 0 0 0
ID: 447 Data: 79 2 6 1 244 0 0 0
ID: 445 Data: 0 0 1 1 244 0 0 0
ID: 447 Data: 79 2 6 1 244 0 0 0
ID: 445 Data: 0 0 1 1 244 0 0 0
ID: 445 Data: 0 0 1 1 244 0 0 0
ID: 447 Data: 79 1 6 1 241 0 0 0
ID: 445 Data: 0 0 1 1 244 0 0 0
ID: 445 Data: 0 0 1 1 244 0 0 0
ID: 447 Data: 79 255 6 1 241 0 0 0
ID: 445 Data: 0 0 1 1 244 0 0 0
ID: 447 Data: 79 255 6 1 244 0 0 0
ID: 445 Data: 0 0 1 1 244 0 0 0
ID: 445 Data: 0 0 1 1 244 0 0 0
ID: 447 Data: 79 2 6 1 244 0 0 0
ID: 445 Data: 0 0 1 1 244 0 0 0
ID: 447 Data: 79 255 6 1 241 0 0 0
ID: 445 Data: 0 0 1 1 244 0 0 0
ID: 445 Data: 0 0 1 1 244 0 0 0
ID: 447 Data: 79 2 6 1 244 0 0 0
ID: 445 Data: 0 0 1 1 244 0 0 0
ID: 445 Data: 0 0 1 1 244 0 0 0
ID: 447 Data: 79 255 6 1 241 0 0 0
ID: 445 Data: 0 0 1 1 244 0 0 0
ID: 447 Data: 79 2 6 1 244 0 0 0
ID: 445 Data: 0 0 1 1 244 0 0 0
ID: 445 Data: 0 0 1 1 244 0 0 0
ID: 447 Data: 79 255 6 1 241 0 0 0
ID: 445 Data: 0 0 1 1 244 0 0 0
ID: 447 Data: 79 255 6 1 241 0 0 0
ID: 445 Data: 0 0 1 1 244 0 0 0
ID: 445 Data: 0 0 1 1 244 0 0 0
ID: 447 Data: 79 2 6 1 244 0 0 0
ID: 445 Data: 0 0 1 1 244 0 0 0
ID: 445 Data: 0 0 1 1 244 0 0 0
ID: 447 Data: 79 255 6 1 241 0 0 0
ID: 890 Data: 0 0 0 255 255 0 0 0
ID: 445 Data: 0 0 1 1 244 0 0 0
ID: 447 Data: 79 2 6 1 244 0 0 0
ID: 445 Data: 0 0 1 1 244 0 0 0
ID: 445 Data: 0 0 1 1 244 0 0 0
ID: 447 Data: 79 255 6 1 241 0 0 0
ID: 445 Data: 0 0 1 1 244 0 0 0
ID: 447 Data: 79 1 6 1 244 0 0 0
ID: 445 Data: 0 0 1 1 244 0 0 0
ID: 445 Data: 0 0 1 1 244 0 0 0
ID: 447 Data: 79 255 6 1 241 0 0 0

Commanded 50 startup actuator unplugged
Loop Count/Sec: 808959
ID: 418316032 Data: 185 138 86 20 24 125 0 128
ID: 419293184 Data: 0 0 0 0 0 0 0 0
ID: 419293184 Data: 0 0 0 0 0 0 0 0
ID: 419293184 Data: 0 0 0 0 0 0 0 0
ID: 419293184 Data: 0 0 0 0 0 0 0 0
ID: 419293184 Data: 0 0 0 0 0 0 0 0
ID: 419293184 Data: 0 0 0 0 0 0 0 0
ID: 419293184 Data: 0 0 0 0 0 0 0 0
ID: 419293184 Data: 0 0 0 0 0 0 0 0
ID: 419293184 Data: 0 0 0 0 0 0 0 0
ID: 419293184 Data: 0 0 0 0 0 0 0 0
ID: 419293184 Data: 0 0 0 0 0 0 0 0
ID: 419293184 Data: 0 0 0 0 0 0 0 0
ID: 419293184 Data: 0 0 0 0 0 0 0 0
ID: 419293184 Data: 0 0 0 0 0 0 0 0
ID: 419293184 Data: 0 0 0 0 0 0 0 0
ID: 419293184 Data: 0 0 0 0 0 0 0 0
ID: 419293184 Data: 0 0 0 0 0 0 0 0
ID: 419293184 Data: 0 0 0 0 0 0 0 0
ID: 419293184 Data: 0 0 0 0 0 0 0 0
ID: 419293184 Data: 0 0 0 0 0 0 0 0
ID: 419293184 Data: 0 0 0 0 0 0 0 0
ID: 419293184 Data: 0 0 0 0 0 0 0 0
ID: 419293184 Data: 0 0 0 0 0 0 0 0
ID: 419293184 Data: 0 0 0 0 0 0 0 0
ID: 419293184 Data: 0 0 0 0 0 0 0 0
ID: 419293184 Data: 0 0 0 0 0 0 0 0
ID: 419293184 Data: 0 0 0 0 0 0 0 0
ID: 419293184 Data: 0 0 0 0 0 0 0 0
ID: 419293184 Data: 0 0 0 0 0 0 0 0
ID: 419293184 Data: 0 0 0 0 0 0 0 0
ID: 419293184 Data: 0 0 0 0 0 0 0 0
ID: 419293184 Data: 0 0 0 0 0 0 0 0
ID: 419293184 Data: 0 0 0 0 0 0 0 0
ID: 419293184 Data: 0 0 0 0 0 0 0 0
ID: 419293184 Data: 0 0 0 0 0 0 0 0
ID: 419293184 Data: 0 0 0 0 0 0 0 0
ID: 419293184 Data: 0 0 0 0 0 0 0 0
ID: 419293184 Data: 0 0 0 0 0 0 0 0
ID: 419293184 Data: 0 0 0 0 0 0 0 0
ID: 419293184 Data: 0 0 0 0 0 0 0 0
ID: 419293184 Data: 0 0 0 0 0 0 0 0
ID: 419293184 Data: 0 0 0 0 0 0 0 0
ID: 419293184 Data: 0 0 0 0 0 0 0 0
ID: 419293184 Data: 0 0 0 0 0 0 0 0
ID: 419293184 Data: 0 0 0 0 0 0 0 0
ID: 419293184 Data: 0 0 0 0 0 0 0 0
ID: 419293184 Data: 0 0 0 0 0 0 0 0
ID: 419293184 Data: 0 0 0 0 0 0 0 0
ID: 419293184 Data: 0 0 0 0 0 0 0 0
ID: 419293184 Data: 0 0 0 0 0 0 0 0
ID: 419293184 Data: 0 0 0 0 0 0 0 0
ID: 419293184 Data: 0 0 0 0 0 0 0 0
ID: 419293184 Data: 0 0 0 0 0 0 0 0
Loop Count/Sec: 808377
ID: 419293184 Data: 0 0 0 0 0 0 0 0
ID: 419293184 Data: 0 0 0 0 0 0 0 0
ID: 419293184 Data: 0 0 0 0 0 0 0 0
ID: 419293184 Data: 0 0 0 0 0 0 0 0
ID: 419293184 Data: 0 0 0 0 0 0 0 0
ID: 419293184 Data: 0 0 0 0 0 0 0 0
ID: 419293184 Data: 0 0 0 0 0 0 0 0
ID: 419293184 Data: 0 0 0 0 0 0 0 0
ID: 419293184 Data: 0 0 0 0 0 0 0 0
ID: 419293184 Data: 0 0 0 0 0 0 0 0
ID: 419293184 Data: 0 0 0 0 0 0 0 0
ID: 419293184 Data: 0 0 0 0 0 0 0 0
ID: 419293184 Data: 0 0 0 0 0 0 0 0
ID: 419293184 Data: 0 0 0 0 0 0 0 0
ID: 419293184 Data: 0 0 0 0 0 0 0 0
ID: 419293184 Data: 0 0 0 0 0 0 0 0
ID: 419293184 Data: 0 0 0 0 0 0 0 0
ID: 419293184 Data: 0 0 0 0 0 0 0 0
ID: 419293184 Data: 0 0 0 0 0 0 0 0
ID: 419293184 Data: 0 0 0 0 0 0 0 0
ID: 419293184 Data: 0 0 0 0 0 0 0 0
ID: 419293184 Data: 0 0 0 0 0 0 0 0
ID: 419293184 Data: 0 0 0 0 0 0 0 0
ID: 419293184 Data: 0 0 0 0 0 0 0 0
ID: 419293184 Data: 0 0 0 0 0 0 0 0
ID: 419293184 Data: 0 0 0 0 0 0 0 0
ID: 419293184 Data: 0 0 0 0 0 0 0 0
ID: 419293184 Data: 0 0 0 0 0 0 0 0
ID: 419293184 Data: 0 0 0 0 0 0 0 0
ID: 419293184 Data: 0 0 0 0 0 0 0 0
ID: 419293184 Data: 0 0 0 0 0 0 0 0
ID: 419293184 Data: 0 0 0 0 0 0 0 0
ID: 419293184 Data: 0 0 0 0 0 0 0 0
ID: 419293184 Data: 0 0 0 0 0 0 0 0
ID: 419351040 Data: 0 255 0 0 0 0 255 255
ID: 419293184 Data: 0 0 0 0 0 0 0 0
ID: 419293184 Data: 0 0 0 0 0 0 0 0
ID: 419293184 Data: 0 0 0 0 0 0 0 0
ID: 419293184 Data: 0 0 0 0 0 0 0 0
ID: 419293184 Data: 0 0 0 0 0 0 0 0
ID: 419293184 Data: 0 0 0 0 0 0 0 0
ID: 419293184 Data: 0 0 0 0 0 0 0 0
ID: 419293184 Data: 0 0 0 0 0 0 0 0
ID: 419293184 Data: 0 0 0 0 0 0 0 0
ID: 419293184 Data: 0 0 0 0 0 0 0 0
ID: 419293184 Data: 0 0 0 0 0 0 0 0
ID: 419293184 Data: 0 0 0 0 0 0 0 0
ID: 419293184 Data: 0 0 0 0 0 0 0 0
ID: 419293184 Data: 0 0 0 0 0 0 0 0
ID: 419293184 Data: 0 0 0 0 0 0 0 0
ID: 419293184 Data: 0 0 0 0 0 0 0 0
ID: 419293184 Data: 0 0 0 0 0 0 0 0
ID: 419293184 Data: 0 0 0 0 0 0 0 0
ID: 419293184 Data: 0 0 0 0 0 0 0 0
ID: 419293184 Data: 0 0 0 0 0 0 0 0
ID: 419293184 Data: 0 0 0 0 0 0 0 0
ID: 419293184 Data: 0 0 0 0 0 0 0 0
ID: 419293184 Data: 0 0 0 0 0 0 0 0
ID: 419293184 Data: 0 0 0 0 0 0 0 0
ID: 419293184 Data: 0 0 0 0 0 0 0 0
ID: 419293184 Data: 0 0 0 0 0 0 0 0
ID: 419293184 Data: 0 0 0 0 0 0 0 0
ID: 419293184 Data: 0 0 0 0 0 0 0 0
ID: 419293184 Data: 0 0 0 0 0 0 0 0
ID: 419293184 Data: 0 0 0 0 0 0 0 0
ID: 419293184 Data: 0 0 0 0 0 0 0 0
ID: 419293184 Data: 0 0 0 0 0 0 0 0
ID: 419293184 Data: 0 0 0 0 0 0 0 0
ID: 419293184 Data: 0 0 0 0 0 0 0 0
ID: 419293184 Data: 0 0 0 0 0 0 0 0
ID: 419293184 Data: 0 0 0 0 0 0 0 0
ID: 419293184 Data: 0 0 0 0 0 0 0 0
ID: 419293184 Data: 0 0 0 0 0 0 0 0
ID: 419293184 Data: 0 0 0 0 0 0 0 0
ID: 419293184 Data: 0 0 0 0 0 0 0 0
ID: 419293184 Data: 0 0 0 0 0 0 0 0
ID: 419293184 Data: 0 0 0 0 0 0 0 0
ID: 419293184 Data: 0 0 0 0 0 0 0 0
ID: 419293184 Data: 0 0 0 0 0 0 0 0
ID: 419293184 Data: 0 0 0 0 0 0 0 0
ID: 419293184 Data: 0 0 0 0 0 0 0 0
ID: 419293184 Data: 0 0 0 0 0 0 0 0
ID: 419293184 Data: 0 0 0 0 0 0 0 0
ID: 419293184 Data: 0 0 0 0 0 0 0 0
ID: 419293184 Data: 0 0 0 0 0 0 0 0
ID: 419293184 Data: 0 0 0 0 0 0 0 0
ID: 419293184 Data: 0 0 0 0 0 0 0 0
ID: 419293184 Data: 0 0 0 0 0 0 0 0
ID: 419293184 Data: 0 0 0 0 0 0 0 0
ID: 419293184 Data: 0 0 0 0 0 0 0 0
ID: 419293184 Data: 0 0 0 0 0 0 0 0
ID: 419293184 Data: 0 0 0 0 0 0 0 0
ID: 419293184 Data: 0 0 0 0 0 0 0 0
ID: 419293184 Data: 0 0 0 0 0 0 0 0
ID: 419293184 Data: 0 0 0 0 0 0 0 0
ID: 419293184 Data: 0 0 0 0 0 0 0 0
ID: 419293184 Data: 0 0 0 0 0 0 0 0
ID: 419293184 Data: 0 0 0 0 0 0 0 0
ID: 419293184 Data: 0 0 0 0 0 0 0 0
ID: 419293184 Data: 0 0 0 0 0 0 0 0
ID: 419293184 Data: 0 0 0 0 0 0 0 0
Loop Count/Sec: 807876
ID: 419293184 Data: 0 0 0 0 0 0 0 0
ID: 419293184 Data: 0 0 0 0 0 0 0 0
ID: 419293184 Data: 0 0 0 0 0 0 0 0
ID: 419293184 Data: 0 0 0 0 0 0 0 0
ID: 419293184 Data: 0 0 0 0 0 0 0 0
ID: 419293184 Data: 0 0 0 0 0 0 0 0
ID: 419293184 Data: 0 0 0 0 0 0 0 0
ID: 419293184 Data: 0 0 0 0 0 0 0 0
ID: 419293184 Data: 0 0 0 0 0 0 0 0
ID: 419293184 Data: 0 0 0 0 0 0 0 0
ID: 419293184 Data: 0 0 0 0 0 0 0 0
ID: 419293184 Data: 0 0 0 0 0 0 0 0
ID: 419293184 Data: 0 0 0 0 0 0 0 0
ID: 419293184 Data: 0 0 0 0 0 0 0 0
ID: 419293184 Data: 0 0 0 0 0 0 0 0
ID: 419293184 Data: 0 0 0 0 0 0 0 0
ID: 419293184 Data: 0 0 0 0 0 0 0 0
ID: 419293184 Data: 0 0 0 0 0 0 0 0
ID: 419293184 Data: 0 0 0 0 0 0 0 0
ID: 419293184 Data: 0 0 0 0 0 0 0 0
ID: 419293184 Data: 0 0 0 0 0 0 0 0
ID: 419293184 Data: 0 0 0 0 0 0 0 0
ID: 419293184 Data: 0 0 0 0 0 0 0 0
ID: 419293184 Data: 0 0 0 0 0 0 0 0
ID: 419293184 Data: 0 0 0 0 0 0 0 0
ID: 419293184 Data: 0 0 0 0 0 0 0 0
ID: 419293184 Data: 0 0 0 0 0 0 0 0
ID: 419293184 Data: 0 0 0 0 0 0 0 0
ID: 419293184 Data: 0 0 0 0 0 0 0 0
ID: 419293184 Data: 0 0 0 0 0 0 0 0
ID: 419293184 Data: 0 0 0 0 0 0 0 0
ID: 419293184 Data: 0 0 0 0 0 0 0 0
ID: 419293184 Data: 0 0 0 0 0 0 0 0
ID: 419293184 Data: 0 0 0 0 0 0 0 0
ID: 419351040 Data: 0 255 0 0 0 0 255 255
ID: 419293184 Data: 0 0 0 0 0 0 0 0
ID: 419293184 Data: 0 0 0 0 0 0 0 0
ID: 419293184 Data: 0 0 0 0 0 0 0 0
ID: 419293184 Data: 0 0 0 0 0 0 0 0
ID: 419293184 Data: 0 0 0 0 0 0 0 0
ID: 419293184 Data: 0 0 0 0 0 0 0 0
ID: 419293184 Data: 0 0 0 0 0 0 0 0
ID: 419293184 Data: 0 0 0 0 0 0 0 0
ID: 419293184 Data: 0 0 0 0 0 0 0 0
ID: 419293184 Data: 0 0 0 0 0 0 0 0
ID: 419293184 Data: 0 0 0 0 0 0 0 0
ID: 419293184 Data: 0 0 0 0 0 0 0 0
ID: 419293184 Data: 0 0 0 0 0 0 0 0
ID: 419293184 Data: 0 0 0 0 0 0 0 0
ID: 419293184 Data: 0 0 0 0 0 0 0 0
ID: 419293184 Data: 0 0 0 0 0 0 0 0
ID: 419293184 Data: 0 0 0 0 0 0 0 0
ID: 419293184 Data: 0 0 0 0 0 0 0 0
ID: 419293184 Data: 0 0 0 0 0 0 0 0
ID: 419293184 Data: 0 0 0 0 0 0 0 0
ID: 419293184 Data: 0 0 0 0 0 0 0 0
ID: 419293184 Data: 0 0 0 0 0 0 0 0
ID: 419293184 Data: 0 0 0 0 0 0 0 0
ID: 419293184 Data: 0 0 0 0 0 0 0 0
ID: 419293184 Data: 0 0 0 0 0 0 0 0
ID: 419293184 Data: 0 0 0 0 0 0 0 0
ID: 419293184 Data: 0 0 0 0 0 0 0 0
ID: 419293184 Data: 0 0 0 0 0 0 0 0
ID: 419293184 Data: 0 0 0 0 0 0 0 0
ID: 419293184 Data: 0 0 0 0 0 0 0 0
ID: 419293184 Data: 0 0 0 0 0 0 0 0
ID: 419293184 Data: 0 0 0 0 0 0 0 0
ID: 419293184 Data: 0 0 0 0 0 0 0 0
ID: 419293184 Data: 0 0 0 0 0 0 0 0
ID: 419293184 Data: 0 0 0 0 0 0 0 0
ID: 419293184 Data: 0 0 0 0 0 0 0 0
ID: 419293184 Data: 0 0 0 0 0 0 0 0
ID: 419293184 Data: 0 0 0 0 0 0 0 0
ID: 419293184 Data: 0 0 0 0 0 0 0 0
ID: 419293184 Data: 0 0 0 0 0 0 0 0
ID: 419293184 Data: 0 0 0 0 0 0 0 0
ID: 419293184 Data: 0 0 0 0 0 0 0 0
ID: 419293184 Data: 0 0 0 0 0 0 0 0
ID: 419293184 Data: 0 0 0 0 0 0 0 0
ID: 419293184 Data: 0 0 0 0 0 0 0 0
ID: 419293184 Data: 0 0 0 0 0 0 0 0
ID: 419293184 Data: 0 0 0 0 0 0 0 0
ID: 419293184 Data: 0 0 0 0 0 0 0 0
ID: 419293184 Data: 0 0 0 0 0 0 0 0
ID: 419293184 Data: 0 0 0 0 0 0 0 0
ID: 419293184 Data: 0 0 0 0 0 0 0 0
ID: 419293184 Data: 0 0 0 0 0 0 0 0
ID: 419293184 Data: 0 0 0 0 0 0 0 0
ID: 419293184 Data: 0 0 0 0 0 0 0 0
ID: 419293184 Data: 0 0 0 0 0 0 0 0
ID: 419293184 Data: 0 0 0 0 0 0 0 0
ID: 419293184 Data: 0 0 0 0 0 0 0 0
ID: 419293184 Data: 0 0 0 0 0 0 0 0
ID: 419293184 Data: 0 0 0 0 0 0 0 0
ID: 419293184 Data: 0 0 0 0 0 0 0 0
ID: 419293184 Data: 0 0 0 0 0 0 0 0
ID: 419293184 Data: 0 0 0 0 0 0 0 0
ID: 419293184 Data: 0 0 0 0 0 0 0 0
ID: 419293184 Data: 0 0 0 0 0 0 0 0
ID: 419293184 Data: 0 0 0 0 0 0 0 0
ID: 419293184 Data: 0 0 0 0 0 0 0 0
Loop Count/Sec: 807875
ID: 419293184 Data: 0 0 0 0 0 0 0 0
ID: 419293184 Data: 0 0 0 0 0 0 0 0
ID: 419293184 Data: 0 0 0 0 0 0 0 0
ID: 419293184 Data: 0 0 0 0 0 0 0 0
ID: 419293184 Data: 0 0 0 0 0 0 0 0
ID: 419293184 Data: 0 0 0 0 0 0 0 0
ID: 419293184 Data: 0 0 0 0 0 0 0 0
ID: 419293184 Data: 0 0 0 0 0 0 0 0
ID: 419293184 Data: 0 0 0 0 0 0 0 0
ID: 419293184 Data: 0 0 0 0 0 0 0 0
ID: 419293184 Data: 0 0 0 0 0 0 0 0
ID: 419293184 Data: 0 0 0 0 0 0 0 0
ID: 419293184 Data: 0 0 0 0 0 0 0 0
ID: 419293184 Data: 0 0 0 0 0 0 0 0
ID: 419293184 Data: 0 0 0 0 0 0 0 0
ID: 419293184 Data: 0 0 0 0 0 0 0 0
ID: 419293184 Data: 0 0 0 0 0 0 0 0
ID: 419293184 Data: 0 0 0 0 0 0 0 0
ID: 419293184 Data: 0 0 0 0 0 0 0 0
ID: 419293184 Data: 0 0 0 0 0 0 0 0
ID: 419293184 Data: 0 0 0 0 0 0 0 0
ID: 419293184 Data: 0 0 0 0 0 0 0 0
ID: 419293184 Data: 0 0 0 0 0 0 0 0
ID: 419293184 Data: 0 0 0 0 0 0 0 0
ID: 419293184 Data: 0 0 0 0 0 0 0 0
ID: 419293184 Data: 0 0 0 0 0 0 0 0
ID: 419293184 Data: 0 0 0 0 0 0 0 0
ID: 419293184 Data: 0 0 0 0 0 0 0 0
ID: 419293184 Data: 0 0 0 0 0 0 0 0
ID: 419293184 Data: 0 0 0 0 0 0 0 0
ID: 419293184 Data: 0 0 0 0 0 0 0 0
ID: 419293184 Data: 0 0 0 0 0 0 0 0
ID: 419293184 Data: 0 0 0 0 0 0 0 0
ID: 419293184 Data: 0 0 0 0 0 0 0 0
ID: 419351040 Data: 0 255 0 0 0 0 255 255
ID: 419293184 Data: 0 0 0 0 0 0 0 0
ID: 419293184 Data: 0 0 0 0 0 0 0 0
ID: 419293184 Data: 0 0 0 0 0 0 0 0
ID: 419293184 Data: 0 0 0 0 0 0 0 0
ID: 419293184 Data: 0 0 0 0 0 0 0 0
ID: 419293184 Data: 0 0 0 0 0 0 0 0
ID: 419293184 Data: 0 0 0 0 0 0 0 0
ID: 419293184 Data: 0 0 0 0 0 0 0 0
ID: 419293184 Data: 0 0 0 0 0 0 0 0
ID: 419293184 Data: 0 0 0 0 0 0 0 0
ID: 419293184 Data: 0 0 0 0 0 0 0 0
ID: 419293184 Data: 0 0 0 0 0 0 0 0
ID: 419293184 Data: 0 0 0 0 0 0 0 0
ID: 419293184 Data: 0 0 0 0 0 0 0 0
ID: 419293184 Data: 0 0 0 0 0 0 0 0
ID: 419293184 Data: 0 0 0 0 0 0 0 0
ID: 419293184 Data: 0 0 0 0 0 0 0 0
ID: 419293184 Data: 0 0 0 0 0 0 0 0
ID: 419293184 Data: 0 0 0 0 0 0 0 0
ID: 419293184 Data: 0 0 0 0 0 0 0 0
ID: 419293184 Data: 0 0 0 0 0 0 0 0
ID: 419293184 Data: 0 0 0 0 0 0 0 0
ID: 419293184 Data: 0 0 0 0 0 0 0 0
ID: 445 Data: 0 0 1 3 232 0 0 0
ID: 445 Data: 0 0 1 3 232 0 0 0
ID: 445 Data: 0 0 1 3 232 0 0 0
ID: 445 Data: 0 0 1 1 244 0 0 0
ID: 445 Data: 0 0 1 1 244 0 0 0
ID: 445 Data: 0 0 1 1 244 0 0 0
ID: 445 Data: 0 0 1 1 244 0 0 0
ID: 445 Data: 0 0 1 1 244 0 0 0
ID: 445 Data: 0 0 1 1 244 0 0 0
ID: 445 Data: 0 0 1 1 244 0 0 0
ID: 445 Data: 0 0 1 1 244 0 0 0
ID: 445 Data: 0 0 1 1 244 0 0 0
ID: 445 Data: 0 0 1 1 244 0 0 0
ID: 445 Data: 0 0 1 1 244 0 0 0
ID: 445 Data: 0 0 1 1 244 0 0 0
ID: 445 Data: 0 0 1 1 244 0 0 0
ID: 445 Data: 0 0 1 1 244 0 0 0
ID: 445 Data: 0 0 1 1 244 0 0 0
ID: 445 Data: 0 0 1 1 244 0 0 0
ID: 445 Data: 0 0 1 1 244 0 0 0
ID: 445 Data: 0 0 1 1 244 0 0 0
ID: 445 Data: 0 0 1 1 244 0 0 0
ID: 445 Data: 0 0 1 1 244 0 0 0
ID: 445 Data: 0 0 1 1 244 0 0 0
ID: 445 Data: 0 0 1 1 244 0 0 0
ID: 445 Data: 0 0 1 1 244 0 0 0
ID: 445 Data: 0 0 1 1 244 0 0 0
ID: 445 Data: 0 0 1 1 244 0 0 0
ID: 445 Data: 0 0 1 1 244 0 0 0
ID: 445 Data: 0 0 1 1 244 0 0 0
ID: 445 Data: 0 0 1 1 244 0 0 0
ID: 445 Data: 0 0 1 1 244 0 0 0
ID: 445 Data: 0 0 1 1 244 0 0 0
ID: 445 Data: 0 0 1 1 244 0 0 0
ID: 445 Data: 0 0 1 1 244 0 0 0
ID: 445 Data: 0 0 1 1 244 0 0 0
ID: 445 Data: 0 0 1 1 244 0 0 0
ID: 445 Data: 0 0 1 1 244 0 0 0
Loop Count/Sec: 807946
ID: 445 Data: 0 0 1 1 244 0 0 0
ID: 445 Data: 0 0 1 1 244 0 0 0
ID: 445 Data: 0 0 1 1 244 0 0 0
ID: 445 Data: 0 0 1 1 244 0 0 0
ID: 445 Data: 0 0 1 1 244 0 0 0
ID: 445 Data: 0 0 1 1 244 0 0 0
ID: 445 Data: 0 0 1 1 244 0 0 0
ID: 445 Data: 0 0 1 1 244 0 0 0
ID: 445 Data: 0 0 1 1 244 0 0 0
ID: 445 Data: 0 0 1 1 244 0 0 0
ID: 445 Data: 0 0 1 1 244 0 0 0
ID: 445 Data: 0 0 1 1 244 0 0 0
ID: 445 Data: 0 0 1 1 244 0 0 0
ID: 445 Data: 0 0 1 1 244 0 0 0
ID: 445 Data: 0 0 1 1 244 0 0 0
ID: 445 Data: 0 0 1 1 244 0 0 0
ID: 445 Data: 0 0 1 1 244 0 0 0
ID: 445 Data: 0 0 1 1 244 0 0 0
ID: 445 Data: 0 0 1 1 244 0 0 0
ID: 445 Data: 0 0 1 1 244 0 0 0
ID: 445 Data: 0 0 1 1 244 0 0 0
ID: 445 Data: 0 0 1 1 244 0 0 0
ID: 445 Data: 0 0 1 1 244 0 0 0
ID: 445 Data: 0 0 1 1 244 0 0 0
ID: 445 Data: 0 0 1 1 244 0 0 0
ID: 445 Data: 0 0 1 1 244 0 0 0
ID: 445 Data: 0 0 1 1 244 0 0 0
ID: 445 Data: 0 0 1 1 244 0 0 0
ID: 445 Data: 0 0 1 1 244 0 0 0
ID: 445 Data: 0 0 1 1 244 0 0 0
ID: 445 Data: 0 0 1 1 244 0 0 0
ID: 445 Data: 0 0 1 1 244 0 0 0
ID: 445 Data: 0 0 1 1 244 0 0 0
ID: 445 Data: 0 0 1 1 244 0 0 0
ID: 445 Data: 0 0 1 1 244 0 0 0
ID: 445 Data: 0 0 1 1 244 0 0 0
ID: 419351040 Data: 0 255 0 0 0 0 255 255
ID: 445 Data: 0 0 1 1 244 0 0 0
ID: 445 Data: 0 0 1 1 244 0 0 0
ID: 445 Data: 0 0 1 1 244 0 0 0
ID: 445 Data: 0 0 1 1 244 0 0 0
ID: 445 Data: 0 0 1 1 244 0 0 0
ID: 445 Data: 0 0 1 1 244 0 0 0
ID: 445 Data: 0 0 1 1 244 0 0 0
ID: 445 Data: 0 0 1 1 244 0 0 0
ID: 445 Data: 0 0 1 1 244 0 0 0
ID: 445 Data: 0 0 1 1 244 0 0 0
ID: 445 Data: 0 0 1 1 244 0 0 0
ID: 445 Data: 0 0 1 1 244 0 0 0
ID: 445 Data: 0 0 1 1 244 0 0 0
ID: 445 Data: 0 0 1 1 244 0 0 0
ID: 445 Data: 0 0 1 1 244 0 0 0
ID: 445 Data: 0 0 1 1 244 0 0 0
ID: 445 Data: 0 0 1 1 244 0 0 0
ID: 445 Data: 0 0 1 1 244 0 0 0
ID: 445 Data: 0 0 1 1 244 0 0 0
ID: 445 Data: 0 0 1 1 244 0 0 0
ID: 445 Data: 0 0 1 1 244 0 0 0
ID: 445 Data: 0 0 1 1 244 0 0 0
ID: 445 Data: 0 0 1 1 244 0 0 0
ID: 445 Data: 0 0 1 1 244 0 0 0
ID: 445 Data: 0 0 1 1 244 0 0 0
ID: 445 Data: 0 0 1 1 244 0 0 0
ID: 445 Data: 0 0 1 1 244 0 0 0
ID: 445 Data: 0 0 1 1 244 0 0 0
ID: 445 Data: 0 0 1 1 244 0 0 0
ID: 445 Data: 0 0 1 1 244 0 0 0
ID: 445 Data: 0 0 1 1 244 0 0 0
ID: 445 Data: 0 0 1 1 244 0 0 0
ID: 445 Data: 0 0 1 1 244 0 0 0
ID: 445 Data: 0 0 1 1 244 0 0 0
ID: 445 Data: 0 0 1 1 244 0 0 0
ID: 445 Data: 0 0 1 1 244 0 0 0
ID: 445 Data: 0 0 1 1 244 0 0 0
ID: 445 Data: 0 0 1 1 244 0 0 0
ID: 445 Data: 0 0 1 1 244 0 0 0
ID: 445 Data: 0 0 1 1 244 0 0 0
ID: 445 Data: 0 0 1 1 244 0 0 0
ID: 445 Data: 0 0 1 1 244 0 0 0
ID: 445 Data: 0 0 1 1 244 0 0 0
ID: 445 Data: 0 0 1 1 244 0 0 0
ID: 445 Data: 0 0 1 1 244 0 0 0
ID: 445 Data: 0 0 1 1 244 0 0 0

left pin CANH
right pin CANL
500k baud rate